1 0 0 0 0 1
0 1 0 0 0 1              
0.707 0.707 0 0 0 1 
0.707 -0.707 0 0 0 1                  
1 0 0 0 1 0 
0 1 0 1 0 0                
0.707 0.707 0 0.57735 -0.57735 0.57735 
0.707 0.707 0 -0.57735 0.57735 0.57735  
0.707 -0.707 0 0.57735 0.57735 0.57735   
0.707 -0.707 0 -0.57735 -0.57735 0.57735                  
0.707 0.707 0 0.707 -0.707 0  
0.707 -0.707 0 0.707 0.707 0    
0 1 0 0.707 0 0.707 
0 1 0 0.707 0 -0.707 
1 0 0 0 0.707 0.707 
1 0 0 0 0.707 -0.707 
0 0 1 1 0 0  
0 0 1 0 1 0                 
0 0 1 0.707 0.707 0 
0 0 1 0.707 -0.707 0                  
0.707 0 0.707 0.707 0 -0.707 
0.707 0 -0.707 0.707 0 0.707 
0 0.707 0.707 0 0.707 -0.707 
0 0.707 -0.707 0 0.707 0.707                
0.408 0.816 0.408 -0.707 0 0.707 
0.408 -0.816 0.408 -0.707 0 0.707 
-0.408 0.816 0.408 0.707 0 0.707  
-0.408 -0.816 0.408 0.707 0 0.707 
0.816 0.408 0.408 0 -0.707 0.707 
-0.816 0.408 0.408 0 -0.707 0.707 
-0.816 -0.408 0.408 0 0.707 0.707 
0.816 -0.408 0.408 0 0.707 0.707         
