1 0 0 0 0 1  1 0
1 0 0 0 1 0  1 1
1 0 0 0 0.707 0.707  1 2
1 0 0 0 0.707 -0.707  1 3
0 1 0 0 0 1  2 4
0 1 0 1 0 0  2 5
0 1 0 0.707 0 0.707  2 6
0 1 0 0.707 0 -0.707  2 7
0.707 0.707 0 0 0 1  3 8
0.707 0.707 0 0.57735 -0.57735 0.57735  3 9
0.707 0.707 0 -0.57735 0.57735 0.57735  3 10
0.707 0.707 0 0.707 -0.707 0  3 11
0.707 -0.707 0 0 0 1  4 12
0.707 -0.707 0 0.57735 0.57735 0.57735  4 13
0.707 -0.707 0 -0.57735 -0.57735 0.57735  4 14
0.707 -0.707 0 0.707 0.707 0  4 15
0 0 1 1 0 0  5 16
0 0 1 0 1 0  5 17
0 0 1 0.707 0.707 0  5 18
0 0 1 0.707 -0.707 0  5 19
0.707 0 0.707 0.707 0 -0.707  6 20
0.707 0 -0.707 0.707 0 0.707  7 21
0 0.707 0.707 0 0.707 -0.707  8 22
0 0.707 -0.707 0 0.707 0.707  9 23
0.408 0.816 0.408 -0.707 0 0.707  10 24
0.408 -0.816 0.408 -0.707 0 0.707  11 25
-0.408 0.816 0.408 0.707 0 0.707  12 26
-0.408 -0.816 0.408 0.707 0 0.707  13 27
0.816 0.408 0.408 0 -0.707 0.707  14 28
-0.816 0.408 0.408 0 -0.707 0.707  15 29
-0.816 -0.408 0.408 0 0.707 0.707  16 30
0.816 -0.408 0.408 0 0.707 0.707  17 31
