1 0 0 0 0 1  1 0 0
1 0 0 0 0.707 0.707  1 1 2
1 0 0 0 0.707 -0.707  1 2 3
0.707 0.707 0 0 0 1  3 3 8
0.707 0.707 0 0.57735 -0.57735 0.57735  3 4 9
0.707 0.707 0 -0.57735 0.57735 0.57735  3 5 10
0.707 0.707 0 0.707 -0.707 0  3 6 11
0.707 -0.707 0 0 0 1  4 7 12
0.707 -0.707 0 0.57735 0.57735 0.57735  4 8 13
0.707 -0.707 0 -0.57735 -0.57735 0.57735  4 9 14
0.707 -0.707 0 0.707 0.707 0  4 10 15
0 0 1 1 0 0  5 11 16
0 0 1 0.707 0.707 0  5 12 18
0 0 1 0.707 -0.707 0  5 13 19
0.707 0 0.707 0.707 0 -0.707  6 14 20
0.707 0 -0.707 0.707 0 0.707  7 15 21
0 0.707 0.707 0 0.707 -0.707  8 16 22
0 0.707 -0.707 0 0.707 0.707  9 17 23
0.816 0.408 0.408 0 -0.707 0.707  14 18 28
0.816 -0.408 0.408 0 0.707 0.707  17 19 31
